Player,G,AB,R,H,2B,3B,HR,RBI,BB,K,SB,CS,AVG,OBP,SLG,OPS
Jonathan Ornelas,2,4,1,2,0,0,0,0,0,0,0,0,0.5,0.5,0.5,1.0
Jake Fraley,9,23,2,7,1,0,0,0,1,8,0,1,0.304,0.333,0.348,0.681
Ronald Acuña Jr.,95,338,74,98,12,1,21,42,71,102,9,1,0.29,0.417,0.518,0.935
Drake Baldwin,124,405,56,111,18,2,19,80,38,68,0,0,0.274,0.341,0.469,0.81
Matt Olson,162,624,98,170,41,2,29,95,91,176,1,0,0.272,0.366,0.484,0.85
Vidal Bruján,23,41,8,11,2,0,0,5,5,9,0,0,0.268,0.362,0.317,0.679
Austin Riley,102,416,54,108,20,1,16,54,27,128,2,1,0.26,0.309,0.428,0.737
Ha-Seong Kim,24,87,14,22,1,0,3,12,8,16,0,1,0.253,0.316,0.368,0.684
Michael Harris II,160,611,55,152,26,6,20,86,16,128,20,6,0.249,0.268,0.409,0.678
Jurickson Profar,80,318,56,78,16,1,14,43,48,59,9,2,0.245,0.353,0.434,0.787
Ozzie Albies,157,603,74,145,23,2,16,74,55,94,14,3,0.24,0.306,0.365,0.671
Alex Verdugo,56,197,21,47,10,0,0,12,14,31,1,0,0.239,0.296,0.289,0.585
Nacho Alvarez Jr.,58,188,18,44,12,0,2,15,12,49,0,0,0.234,0.296,0.33,0.626
Eli White,105,256,43,60,8,3,10,35,11,70,10,1,0.234,0.27,0.406,0.677
Marcell Ozuna,145,487,61,113,19,0,21,68,94,144,0,0,0.232,0.355,0.4,0.756
Nick Allen,135,371,32,82,11,0,0,22,31,99,8,7,0.221,0.284,0.251,0.535
Stuart Fairchild,28,51,7,11,4,1,0,2,4,15,2,1,0.216,0.273,0.333,0.606
Sean Murphy,94,291,34,58,13,0,16,45,35,105,0,0,0.199,0.3,0.409,0.709
Orlando Arcia,14,31,1,6,1,0,0,1,1,8,0,0,0.194,0.219,0.226,0.445
Bryan De La Cruz,16,47,1,9,1,0,0,0,3,18,1,0,0.191,0.24,0.213,0.453
Jarred Kelenic,24,60,7,10,2,0,2,2,5,23,0,1,0.167,0.231,0.3,0.531
Luke Williams,39,31,5,4,2,0,0,5,1,9,5,0,0.129,0.176,0.194,0.37
Sandy León,5,12,1,1,0,0,1,3,0,4,0,0,0.083,0.083,0.333,0.417
Chadwick Tromp,2,5,0,0,0,0,0,0,1,2,0,0,0.0,0.167,0.0,0.167
José Azócar,2,1,0,0,0,0,0,0,0,0,0,0,0.0,0.0,0.0,0.0
Brett Wisely,4,6,0,0,0,0,0,0,3,4,0,0,0.0,0.333,0.0,0.333
Eddie Rosario,3,4,1,0,0,0,0,0,0,2,0,0,0.0,0.0,0.0,0.0
